,Poblacion
1,346665
2,711400
3,35000
4,142900
5,0
6,0
7,79138
8,774900
9,39247
10,101800
11,76492
12,40042
13,489937
14,22774
15,635
16,60572
17,400161
18,0
19,59922
20,241500
21,31560
22,743800
23,98400
24,60800
25,0
26,103000
27,45888
28,88900
29,329600
30,132800
31,353200
32,0
33,837
34,173800
35,151243
36,897900
37,201800
38,25317
39,187000
40,23824
41,278064
42,239700
43,150500
44,364
45,109700
46,142500
47,100000
48,0
49,129500
50,128700
51,162800
52,0
53,351500
54,754100
55,131000
56,572800
57,83485
58,297500
59,29477
60,352444
61,128000
62,276600
63,55210
64,0
65,1506400
66,63743
67,71196
68,124500
69,14316
70,788700
71,113400
72,53043
73,108239
74,122900
75,0
76,399700
77,43349
78,364100
79,24181
80,1827868
81,69403
82,424755
83,51604
84,1321000
85,33401
86,0
87,244200
88,7062
89,99576
90,8918653
91,153817
92,373725
93,0
94,178817
95,1281400
96,0
97,5286
98,71061
99,19572
100,280300
101,42500
102,146200
103,80258
104,8870
105,97768
106,485700
107,64300
108,416900
109,836400
110,736700
111,164900
112,12100
113,3810
114,37747
115,18344
116,229700
117,607100
118,970000
119,125200
120,1168100
121,235600
122,0
123,10876
124,401300
125,259700
126,92967
127,28040
128,124600
129,256500
130,0
131,0
132,107061
133,158000
134,29604
135,194100
136,193700
137,1508700
138,45000
139,62177
140,224200
141,643900
142,660400
143,160661
144,235
145,12978
146,63522
147,170300
148,76219
149,772500
150,662
151,165
152,185917
153,173600
154,93100
155,151800
156,11559
157,81111
158,768600
159,141112
160,72400
161,449600
162,130800
163,4777
164,16248
165,268347
166,1780
167,3639
168,14160
169,19400
170,0
171,309100
172,217900
173,72860
174,112726
175,264300
176,25751
177,16400
178,99400
179,5262
180,80612
181,374800
182,88569
183,114300
184,235151
185,50415
186,100000
187,1399300
188,51600
189,610600
190,524400
191,660400
192,105500
193,486998
194,28700
195,101810
196,593000
197,59305
198,280800
199,48973
200,0
201,561900
202,377770
203,0
204,0
205,15300
206,415007
207,134900
208,76296
209,141627
210,1213000
211,69900
212,130539